Thu. Oct. 20, 2016             LANDSAT 5                 Time: 16:14
                         Image Assessment System
                           GCP Residual Report
----------------------------------------------------------------------------
WOID: L20592208            Path/Row: 231 / 062

L0R Reference Image: L51CUB1009253130101_HDF.162941603
Acquisition Date: Sep 10, 2009

Band Number:  5

GLS date for each WRS-2 path/row used:
Path  Row   Date
231   062   08-11-2001


Point_ID         Latitude  Longitude    Height       Across    Along    Residual  Residual
                                                      Scan      Scan      In y      in x
                                                    Residual  Residual    dir       dir
                   (deg)     (deg)     (meters)     (meters)  (meters)  (meters)  (meters)

2310620001_01   -3.224333  -60.002359    -2.206       1.266    -2.097     1.559    -1.892
2310620002_01   -3.308663  -61.113415     9.953       1.032     1.677     0.776     1.810
2310620004_01   -3.131046  -61.146934     1.383      -1.002     1.451    -1.204     1.290
2310620005_01   -2.990962  -60.100617     2.423       0.208    -1.555     0.433    -1.509
2310620006_01   -3.265953  -60.915406     2.516       1.161     2.716     0.753     2.857
2310620007_01   -3.050118  -59.836248     8.648      -5.563     0.206    -5.539    -0.606
2310620008_01   -3.295976  -60.636327     3.499      -1.710    -2.960    -1.261    -3.179
2310620010_01   -3.424465  -60.310346     9.703      -0.506     1.278    -0.687     1.192
2310620011_01   -3.122233  -60.031234     5.909      -2.020     0.352    -2.051     0.054
2310620012_01   -2.921930  -60.031510    34.236      -1.674    -2.336    -1.317    -2.557
2310620013_01   -3.699549  -60.193511    11.538       4.178     3.699     3.596     4.272
2310620014_01   -2.905519  -59.976020    70.933      -0.186    -2.802     0.224    -2.802
2310620015_01   -3.178404  -60.944457    11.145       3.626    -1.196     3.762    -0.655
2310620016_01   -3.439173  -60.239893     8.628       2.829     3.830     2.242     4.205
2310620017_01   -3.090632  -59.974972    37.428       2.697    -0.465     2.738    -0.068
2310620018_01   -3.296761  -61.131251     1.907       0.984    -3.803     1.527    -3.619
2310620019_01   -3.328646  -61.210007    12.903       0.102    -1.758     0.356    -1.724
2310620020_01   -3.528077  -60.234777     9.061       1.982    -0.738     2.070    -0.442
2310620021_01   -2.806167  -60.021295    32.759      -1.434    -3.134    -0.964    -3.313
2310620023_01   -3.579941  -61.406102    12.692      -2.653    -0.963    -2.484    -1.340
2310620025_01   -3.344849  -60.551217     8.277      -4.526     4.321    -5.110     3.617
2310620027_01   -2.898934  -60.047745    39.270       3.673    -1.104     3.798    -0.558
2310620028_01   -2.785594  -59.926738   104.061      -6.424     2.895    -6.782     1.933
2310620030_01   -2.722011  -60.078110    24.710       1.972     0.303     1.909     0.587
2310620031_01   -3.014278  -60.002685    37.397      -0.482     2.555    -0.849     2.460
2310620032_01   -2.867309  -60.082064    25.472       0.585    -1.252     0.762    -1.154
2310620034_01   -2.934214  -60.064368    24.545       1.782    -0.765     1.876    -0.498
2310620035_01   -3.087284  -60.036994    29.485      -0.469    -1.274    -0.279    -1.330
2310620036_01   -3.112604  -59.981380    37.496      -0.166     1.538    -0.388     1.499
2310620037_01   -2.806338  -59.879786    42.906      -3.002     0.974    -3.114     0.527
2310620038_01   -3.007600  -59.940696    91.096      -0.462    -4.188     0.153    -4.215
2310620039_01   -3.472498  -60.524989     9.116      -1.445     0.583    -1.515     0.366
2310620040_01   -3.105904  -60.007822    56.462       2.680     0.391     2.597     0.778
2310620041_01   -3.029069  -59.961395    75.321      -0.739     5.497    -1.533     5.336
2310620042_01   -3.111282  -59.899691     7.074      -2.004     3.079    -2.433     2.758
2310620043_01   -2.834638  -60.025805    35.760       0.954     5.553     0.137     5.638
2310620044_01   -2.437609  -59.930279    97.353       5.929     2.621     5.491     3.457
2310620046_01   -3.145595  -59.955401    28.300      -5.391    -0.203    -5.308    -0.987
2310620047_01   -2.913187  -60.005383    29.730       5.258     1.949     4.923     2.696
2310620050_01   -2.978345  -60.045379    13.558       0.343     1.286     0.153     1.324
2310620051_01   -3.475577  -60.361196     5.309      -2.651     1.307    -2.815     0.908
2310620052_01   -2.964131  -60.102304     5.163       1.250    -2.682     1.629    -2.474
2310620053_01   -2.839307  -59.945735    91.634      -0.817    -0.672    -0.710    -0.784
2310620054_01   -3.174512  -60.114681    24.842      -0.126     1.787    -0.385     1.751
2310620055_01   -3.092951  -60.441767     6.789       3.201     1.468     2.955     1.919
2310620056_01   -3.580616  -60.931192    11.990      -2.037    -1.446    -1.805    -1.729
2310620058_01   -2.871989  -60.005491    24.327       1.749     1.921     1.452     2.157
2310620060_01   -3.441805  -60.504831     9.915       0.132    -0.320     0.177    -0.298
2310620061_01   -3.004457  -60.078742    23.229      -0.357    -4.326     0.277    -4.336
2310620062_01   -3.069727  -59.962629    45.191      -0.629    -0.906    -0.490    -0.989
2310620063_01   -2.907450  -60.672793     8.449       5.844    -0.176     5.810     0.677
2310620064_01   -2.969484  -60.076408    61.490       3.981    -3.256     4.416    -2.644
2310620065_01   -3.103083  -60.987237    12.996      -0.888     2.656    -1.266     2.498
2310620066_01   -3.096204  -61.080613     5.107      -1.827     1.966    -2.095     1.680
2310620067_01   -3.123252  -60.008313    29.163       0.659    -2.351     0.996    -2.232
2310620068_01   -2.834277  -59.991302    99.142       3.466    -4.416     4.075    -3.869
2310620070_01   -3.004258  -59.909164    22.002       3.964    -0.456     3.993     0.126
2310620071_01   -2.585028  -60.684203     5.300      -0.820     0.258    -0.849     0.136
2310620072_01   -2.978179  -59.984181    33.958      -3.129     0.076    -3.110    -0.380
2310620073_01   -2.864743  -60.033006    39.075      -1.072     1.335    -1.256     1.166
2310620074_01   -3.308649  -60.606347    10.342      -0.025     6.645    -0.994     6.574
2310620075_01   -3.417038  -60.272598     8.612       0.869     4.984     0.133     5.061
2310620076_01   -2.982350  -60.022722    31.353      -0.990    -4.548    -0.317    -4.648
2310620077_01   -2.943489  -59.985353    36.583      -0.583     0.990    -0.721     0.895
2310620078_01   -2.838001  -60.068928    35.624      -5.432    -6.526    -4.428    -7.253
2310620079_01   -3.620743  -61.046110     8.558      -0.127     0.189    -0.154     0.168
2310620080_01   -3.023500  -59.909110    74.815      -5.577    -5.038    -4.788    -5.802
2310620081_01   -2.904422  -60.073342    16.522      -0.954    -0.613    -0.856    -0.746
2310620082_01   -3.087309  -59.950446    23.874       2.211     2.052     1.891     2.355
2310620083_01   -3.601507  -60.818038     7.293       3.384     1.125     3.185     1.608
2310620084_01   -3.110634  -60.050950    14.175      -1.272     4.707    -1.945     4.476
2310620087_01   -3.005196  -60.051508    37.492      -0.836    -6.313     0.093    -6.373
2310620088_01   -3.244925  -60.607308    17.640      -6.319     3.670    -6.790     2.712
2310620089_01   -3.089121  -60.213881    14.091       3.006     2.567     2.602     2.979
2310620090_01   -2.902070  -59.903787    28.861      -0.341    -2.968     0.095    -2.989
2310620091_01   -3.434965  -60.284688     2.155       0.961    -3.197     1.418    -3.025
2310620092_01   -2.952858  -60.041942    32.414      -2.454     2.313    -2.766     1.933
2310620093_01   -2.659873  -59.730069    17.564       1.769     1.204     1.578     1.450
2310620095_01   -2.791594  -60.046401    52.678      -2.958    -4.449    -2.281    -4.836
2310620097_01   -2.716956  -60.751920    13.593       0.925     1.828     0.650     1.944
2310620098_01   -2.485006  -60.034189    66.449       1.568     4.382     0.916     4.567
2310620099_01   -3.303939  -60.565348    17.796      -3.323    -2.173    -2.973    -2.636
2310620100_01   -3.057061  -60.085611    66.393       6.853    -0.944     6.923     0.063
2310620101_01   -2.555459  -60.025405    97.687      -2.284    -5.044    -1.528    -5.327
2310620102_01   -3.260958  -60.861716     7.222      -0.435     2.751    -0.832     2.660
2310620103_01   -3.599653  -60.518714     7.556       0.907     0.008     0.897     0.140
2310620104_01   -3.066978  -60.044870    70.120      -0.092    -3.598     0.434    -3.576
2310620105_01   -2.848015  -59.858651    26.609      -3.692     1.792    -3.917     1.238
2310620107_01   -3.167936  -60.089890     9.455      -2.444    -2.598    -2.041    -2.929
2310620108_01   -2.832627  -60.087273     8.234       3.057    -4.175     3.635    -3.690
2310620109_01   -3.182805  -60.598280    23.458       5.750     4.236     5.075     5.031
2310620110_01   -3.276468  -60.643658    22.210       1.577    -2.285     1.893    -2.031
2310620111_01   -2.724941  -60.057078    35.261      -4.231    -0.153    -4.167    -0.767
2310620112_01   -3.086415  -60.017044    31.763      -0.797    -2.336    -0.448    -2.430
2310620114_01   -3.078140  -59.873098    23.904      -3.278     1.880    -3.520     1.385
2310620115_01   -3.192123  -61.170035    29.452       0.662     3.458     0.151     3.518
2310620116_01   -2.635768  -59.734443    21.877       1.080    -1.372     1.270    -1.202
2310620117_01   -2.873403  -59.925967    38.553       1.562     1.309     1.356     1.524
2310620119_01   -3.186249  -60.143774    26.335       0.215     0.710     0.110     0.734
2310620120_01   -3.030368  -60.138531     2.051      -4.515    -4.215    -3.857    -4.831
2310620121_01   -3.369632  -59.922905     5.841      -1.336     2.315    -1.661     2.098
2310620122_01   -3.161999  -60.404645    10.364       1.609    -5.729     2.428    -5.437
2310620123_01   -3.260527  -60.668517     6.454      -0.712    -1.746    -0.450    -1.832
2310620124_01   -2.893176  -59.921871    27.397      -1.558     4.789    -2.240     4.516
2310620125_01   -2.819770  -59.937160    76.870      -2.024     2.541    -2.374     2.222
2310620126_01   -2.890749  -60.027278    35.462       0.388     3.867    -0.179     3.886
2310620127_01   -3.032430  -60.098889     7.718      -5.664     4.059    -6.199     3.195
2310620128_01   -3.245140  -60.072952    28.348       4.712    -4.497     5.322    -3.766
2310620130_01   -2.905546  -59.886526    18.615      -1.559     3.332    -2.029     3.073
2310620131_01   -3.046462  -59.977792    26.079       3.078     4.170     2.441     4.578
2310620132_01   -3.008315  -60.205730    12.866      -0.551     3.801    -1.099     3.683
2310620133_01   -2.998339  -60.122706    13.706       2.511     1.074     2.331     1.429
2310620134_01   -3.694273  -60.514136     5.981       1.911    -3.707     2.433    -3.390
2310620138_01   -3.041171  -60.024180    58.047       6.579    -3.433     7.015    -2.441
2310620139_01   -3.378822  -60.181529    13.641       4.007    -3.042     4.412    -2.427
2310620140_01   -2.777220  -60.782015     4.837       0.165     3.592    -0.360     3.580
2310620141_01   -2.808494  -60.084098     9.063      -0.491     3.742    -1.031     3.634
2310620142_01   -2.742186  -60.015795    40.106       0.423     2.140     0.108     2.181
2310620143_01   -2.679068  -59.713851    23.799       3.957     0.831     3.800     1.399
2310620144_01   -3.662517  -60.812762     6.328      -1.040     0.675    -1.128     0.516
2310620145_01   -2.775122  -59.964499    61.212       4.410     2.839     3.954     3.454
2310620146_01   -3.026410  -60.179797     7.122       0.035     2.681    -0.355     2.660
2310620147_01   -2.817028  -60.486893    11.660      -1.684     3.141    -2.124     2.864
2310620148_01   -3.178267  -60.749914     7.810       0.656    -0.149     0.670    -0.052
2310620149_01   -2.972265  -60.002260    32.719       1.455    -2.124     1.751    -1.892
2310620150_01   -3.103935  -60.280994     9.968       0.265    -4.421     0.907    -4.338
2310620152_01   -3.253117  -60.631301    13.038       2.100     0.906     1.946     1.203
2310620153_01   -3.242460  -60.836389     8.081      -0.677    -2.971    -0.237    -3.039
2310620154_01   -2.620200  -60.946544    12.574       2.781    -2.236     3.077    -1.808
2310620155_01   -3.614499  -60.129562     9.080      -0.106    -0.241    -0.069    -0.254
2310620156_01   -3.487883  -60.601857     6.898       1.982    -0.122     1.979     0.168
2310620157_01   -3.259197  -60.154089    21.490      -0.853    -1.398    -0.641    -1.508
2310620158_01   -2.708390  -59.735060    54.353       5.152    -6.652     6.072    -5.840
2310620159_01   -2.638394  -59.912826    91.357       4.066     2.417     3.676     2.985
2310620160_01   -3.520342  -60.570740     4.282      -2.075    -2.076    -1.751    -2.357
2310620161_01   -3.100938  -60.073088     5.258      -5.583    -3.877    -4.963    -4.653
2310620162_01   -3.167502  -61.057545    -0.980      -1.427    -5.431    -0.621    -5.582
2310620163_01   -3.207492  -60.179314    22.013      -2.091    -0.832    -1.949    -1.128
2310620164_01   -3.531272  -60.602556     8.312      -0.353     0.610    -0.438     0.553
2310620165_01   -3.674621  -60.197367    12.740       3.476    -4.589     4.112    -4.036
2310620166_01   -2.911600  -59.822897    37.201       2.815     6.418     1.853     6.767
2310620167_01   -2.777989  -60.134584    88.641      -5.128     2.520    -5.444     1.749
2310620168_01   -2.909919  -60.209751    25.749      -3.238     1.174    -3.377     0.691
2310620169_01   -3.081721  -59.892768    29.300      -2.661     4.099    -3.233     3.672
2310620170_01   -3.042671  -59.884523    31.759      -2.172    -1.209    -1.974    -1.514
2310620171_01   -3.071656  -61.157562    11.985       1.000     0.060     0.980     0.205
2310620173_01   -3.070201  -59.845894     5.128      -3.123    -0.220    -3.061    -0.673
2310620174_01   -3.461928  -60.328048     7.491      -1.845    -1.386    -1.624    -1.642
2310620176_01   -2.735590  -59.874581    56.950      -2.475     2.551    -2.822     2.167
2310620177_01   -3.186250  -60.345783    13.986      -1.638     2.340    -1.963     2.078
2310620178_01   -2.970518  -60.617367    11.110      -1.831     4.757    -2.505     4.442
2310620179_01   -2.829817  -60.048461    29.861       0.146     1.369    -0.054     1.377
2310620180_01   -3.189341  -60.183409    29.284       0.003    -1.255     0.186    -1.243
2310620181_01   -2.992557  -60.411528     7.927      -2.639     0.477    -2.682     0.088
2310620182_01   -3.427317  -60.460888    14.651       0.583     1.388     0.374     1.459
2310620183_01   -3.146051  -61.045981     0.331       1.388    -2.752     1.774    -2.521
2310620186_01   -3.159573  -59.916535    -2.444      -0.563    -2.745    -0.157    -2.801
2310620187_01   -3.628431  -60.250935    10.587       2.184     0.919     2.029     1.229
2310620188_01   -2.776232  -60.081482    11.891      -0.766    -2.085    -0.455    -2.176
2310620190_01   -3.051446  -60.114207     7.916       3.407     1.195     3.200     1.680
2310620191_01   -3.254084  -60.818285     8.223      -2.289     0.069    -2.276    -0.266
2310620192_01   -3.285572  -61.095645     6.785       1.791     0.521     1.696     0.776
2310620193_01   -2.764196  -60.037574    29.212      -0.271    -0.536    -0.190    -0.571
2310620194_01   -2.585834  -60.033151    50.474       0.452     0.534     0.370     0.595
2310620196_01   -3.282160  -60.530597    11.981       0.365    -0.476     0.431    -0.418
2310620197_01   -2.806939  -59.902155    45.582       3.473    -3.578     3.961    -3.038
2310620199_01   -3.520872  -60.273380     1.906       1.532    -1.866     1.790    -1.624
2310620201_01   -3.015572  -59.980574    71.966      -0.048    -1.892     0.228    -1.880
2310620202_01   -3.716346  -60.276573     9.983       1.898     0.008     1.878     0.285
2310620203_01   -3.091474  -60.504348     8.552       3.007     6.107     2.087     6.483
2310620204_01   -3.265869  -60.751610     3.003      -3.160     2.777    -3.533     2.288
2310620205_01   -3.573007  -60.301558     4.361      -1.526     0.861    -1.636     0.630
2310620206_01   -2.554886  -60.662686    13.025       2.127    -3.025     2.545    -2.685
2310620207_01   -3.473716  -60.278912     3.225      -1.249     0.776    -1.350     0.587
2310620208_01   -3.210338  -60.036107     4.904      -0.885     2.113    -1.184     1.964
2310620211_01   -2.745681  -59.898811    46.329       0.723     1.274     0.531     1.367
2310620213_01   -2.659250  -60.941085    33.266      -0.571    -2.763    -0.164    -2.817
2310620214_01   -3.575446  -61.047016    11.941       4.592     4.326     3.912     4.951
2310620215_01   -3.275375  -60.881924     5.278      -3.394    -0.702    -3.257    -1.189
2310620216_01   -2.730653  -60.826333     7.329      -1.759    -0.580    -1.657    -0.830
2310620217_01   -2.755601  -59.757299    98.679       6.129    -4.894     6.783    -3.956
2310620218_01   -3.130767  -59.982407    25.352       0.447    -1.794     0.705    -1.712
2310620221_01   -3.378442  -59.966566     6.021      -0.534    -2.286    -0.195    -2.342
2310620222_01   -2.951868  -60.077532    22.266       1.773    -0.009     1.757     0.249
2310620223_01   -3.723660  -60.455213     3.225      -1.283     4.737    -1.962     4.501
2310620224_01   -2.803946  -60.001084    37.469      -4.731     1.135    -4.850     0.435
2310620227_01   -3.124705  -61.090815     9.764      -0.734    -1.820    -0.462    -1.908
2310620228_01   -3.500573  -60.478232    12.848      -2.905    -0.395    -2.817    -0.815
2310620229_01   -3.537743  -61.480698    15.308      -0.915    -2.547    -0.534    -2.653
2310620230_01   -3.346872  -59.924864     5.044       0.206    -3.112     0.659    -3.052
2310620231_01   -3.071137  -59.981767    25.130      -1.779    -3.335    -1.275    -3.562
2310620232_01   -3.059264  -60.000403    39.850       0.989    -1.422     1.187    -1.264
2310620233_01   -3.686203  -60.173586     3.544       2.669    -0.099     2.657     0.292
2310620234_01   -3.051543  -59.953513    26.666      -4.462     3.269    -4.895     2.587
2310620235_01   -3.118396  -60.537193     4.961       1.564     0.740     1.440     0.961
2310620236_01   -3.463662  -60.568187     2.193      -1.519     2.713    -1.899     2.464
2310620237_01   -3.302032  -61.193860    14.008       5.049     2.150     4.682     2.863
2310620239_01   -3.007424  -60.175801     8.653      -3.704    -3.427    -3.168    -3.933
2310620240_01   -3.219782  -60.639742    19.594       3.560    -1.931     3.805    -1.392
2310620241_01   -2.477210  -61.095640    12.760      -2.011    -2.127    -1.681    -2.397
2310620242_01   -3.237445  -60.775148    15.035       0.227    -1.138     0.391    -1.093
2310620244_01   -2.941033  -60.651415    19.760      -1.093     3.681    -1.618     3.485
2310620245_01   -3.430910  -61.356139    10.337      -3.229    -5.702    -2.364    -6.112
2310620246_01   -2.847288  -59.889918    32.449      -1.749     3.706    -2.271     3.416
2310620248_01   -3.297911  -61.024910     6.226      -0.812    -0.490    -0.732    -0.603
